node;pid;tid;core_id;sample_count;
MathieuMint;5547;5547;3;168;
MathieuMint;5547;5547;7;2606;
