function_id;module;function_name;source_info;inc_time_p;inc_time_s;inc_time_s_min;inc_time_s_avg;inc_time_s_max;inc_cov_deviation;inc_time_deviation;exc_time_p;exc_time_s;exc_time_s_min;exc_time_s_avg;exc_time_s_max;exc_cov_deviation;exc_time_deviation;nb_threads;cats;label_name;flops;
6;measure;kernel;kernel.c:68-72;99.918647766113;18.403322219849;0;0;0;0;0;0.027122385799885;0.0049954843707383;0;0;0;0;0;;"100,0,0,0,0,0,0,0,0,0";kernel;;
217;libc.so.6;random;;0.054229930043221;0.0099882343783975;0;0;0;0;0;0.054229930043221;0.0099882343783975;0;0;0;0;0;;"0,0,0,0,0,0,0,0,0,100";random;;
-1;kernel;unknown_kernel_region;;0.02711496502161;0.0049941171891987;0;0;0;0;0;0;0;0;0;0;0;0;;"0,0,0,0,100,0,0,0,0,0";unknown kernel region;;
